C1			C2
车手 车号 闲置赛季数		车手 车号 闲置赛季数
1 0		Creed 0 0
喵酱 5 0		梅兰德 3 0
范特西 6 0		凌云壮志 4 0
新高店svip 8 0		Raptor1Eric 5 0
WLR·非酋 9 0		奶黄包 7 0
Lemans 10 1		火箭猫咪 8 1
伪空条大队qd 11 0		风追随的男子 10 1
Beakhyuneee 12 0		EnTY 11 0
TurtleSheep 13 0		Jemily 14 0
渔舟fishing 14 0		一木明京_A0 17 0
Cyanogen 16 0		Driver2514 19 1
机油味的小孩 18 0		安珂不是蘑菇 21 0
Driver2514 19 0		|wxr| 24 1
PT陶桃 22 0		挽歌ELEGY 26 0
B诺托 23 0		RMC工具人 27 0
橙速 24 1		战狼传说Lee 32 1
神乐 25 1		Evelyn的dog 33 0
wqz 26 0		狂野辣嘴鸭 36 0
Subaru 30 0		N15 37 1
战狼传说Lee 32 1		XHHANHAN 38 0
WLR·抖音13954 33 0		陆某君 42 0
XHHANHAN 38 1		sLINs 43 0
Richardlee14 41 0		长崎素世 44 0
ZJX·69走天下 43 0		キリトリセン 47 0
MoliCAT 44 0		清河之水 51 0
云西瓜 46 0		维尔莱茵 52 1
卡塔尔仙人掌 49 0		B站·维斯塔潘 55 1
KZR 51 1		柠 56 1
镜子 66 0		Lemans 66 0
-001- 67 0		敞篷仙人肯尼迪 68 1
68 0		ZJX·69走天下 69 1
氙 69 1		螺蛳 71 1
-97- 77 0		逆流节奏qb 75 0
玛奇朵 92 1		想放双休 77 1
三万彩虹 93 0		不知道 78 0
97 0		狂鸟233 88 1
AM只因 99 0		所以ne 91 0
fuko 168 1		不礼貌 94 1
沈围 326 0		幽灵 95 0
HLS 666 0		拉导 109 1
LAN 831 0		橙速 114 0
		qarry 165 0
		FUKO 168 0
		不浪漫罪名 259 0
		Mirage0980 413 0
		-416- 416 0
		我自己不是我自己 417 1
		懒 420 0
		阿汶 691 0
		冬迤 714 1
		ZYBM 721 1
		小黒子 919 0

车号选择范围：0，2-999未选号码
C1 已使用车号: 1,5,6,8,9,10,11,12,13,14,16,18,19,22,23,24,25,26,30,32,33,38,41,43,44,46,49,51,66,67,68,69,77,92,93,97,99,168,326,666,831
C2 已使用车号: 0,3,4,5,7,8,10,11,14,17,19,21,24,26,27,32,33,36,37,38,42,43,44,47,51,52,55,56,66,68,69,71,75,77,78,88,91,94,95,109,114,165,168,259,413,416,417,420,691,714,721,919
车号具体使用人见《 车号统计》
